#
# ALL abundances NOT listed below differ from solar by   0.00 dex
# Fe Linelist for PEPSI solar spectrum (start: 2016.10.29; end: 2016.11.23); [remo
# #OVER72: T= 5777,[g]=4.44,[Fe/H]=0.00,vt=1.38E+05     vt= 1.38 M/H= 0.00        
# Abundance Results for Species Fe I         (input abundance =   7.500)
# wavelength         ID      EP   logGF     EWin   logRWin     abund   delavg
   4779.44   26.00      3.420    -2.0    40.50   -5.07     7.25 
   4788.76   26.00      3.240    -1.8    65.50   -4.86     7.29 
   5054.64   26.00      3.640    -1.9    39.80   -5.10     7.33 
   5322.04   26.00      2.280    -2.8    59.80   -4.95     7.24 
   5379.57   26.00      3.690    -1.5    60.60   -4.95     7.33 
   5522.45   26.00      4.210    -1.6    42.30   -5.12     7.52 
   5543.94   26.00      4.220    -1.1    61.50   -4.96     7.46 
   5546.50   26.00      4.370    -1.3    50.60   -5.04     7.58 
   5546.99   26.00      4.220    -1.9    27.10   -5.31     7.58 
   5560.21   26.00      4.430    -1.2    51.30   -5.04     7.53 
   5587.57   26.00      4.140    -1.9    38.90   -5.16     7.69 
   5646.68   26.00      4.260    -2.5     7.40   -5.88     7.53 
   5651.47   26.00      4.470    -2.0    18.90   -5.48     7.70 
   5652.32   26.00      4.260    -1.9    26.10   -5.34     7.64 
   5661.35   26.00      4.280    -1.7    22.30   -5.41     7.35 
   5667.52   26.00      4.180    -1.6    50.40   -5.05     7.66 
   5679.02   26.00      4.650    -0.9    58.60   -4.99     7.58 
   5680.24   26.00      4.190    -2.6    11.00   -5.71     7.73 
   5731.76   26.00      4.260    -1.3    56.90   -5.00     7.57 
   5741.85   26.00      4.260    -1.9    31.20   -5.26     7.64 
   5752.03   26.00      4.550    -1.2    53.80   -5.03     7.66 
   5775.08   26.00      4.220    -1.3    57.90   -5.00     7.55 
   5778.45   26.00      2.590    -3.5    22.00   -5.42     7.44 
   5809.22   26.00      3.880    -1.8    48.30   -5.08     7.59 
   6079.00   26.00      4.650    -1.1    45.90   -5.12     7.55 
   6085.26   26.00      2.760    -3.1    42.50   -5.16     7.64 
   6098.24   26.00      4.560    -1.9    16.50   -5.57     7.57 
   6151.62   26.00      2.180    -3.3    48.30   -5.11     7.37 
   6159.37   26.00      4.610    -2.0    12.20   -5.70     7.56 
   6165.36   26.00      4.140    -1.5    43.70   -5.15     7.37 
   6187.99   26.00      3.940    -1.7    46.10   -5.13     7.47 
   6220.78   26.00      3.880    -2.5    19.10   -5.51     7.58 
   6226.73   26.00      3.880    -2.2    28.20   -5.34     7.56 
   6229.23   26.00      2.850    -2.8    35.70   -5.24     7.30 
   6240.65   26.00      2.220    -3.2    47.30   -5.12     7.31 
   6293.92   26.00      4.840    -1.7    13.20   -5.68     7.56 
   6380.74   26.00      4.190    -1.4    51.20   -5.10     7.46 
   6392.54   26.00      2.280    -4.0    17.70   -5.56     7.53 
   6597.56   26.00      4.790    -1.1    43.90   -5.18     7.57 
   6608.02   26.00      2.280    -4.0    17.00   -5.59     7.49 
   6627.54   26.00      4.550    -1.7    27.10   -5.39     7.62 
   6703.57   26.00      2.760    -3.2    35.90   -5.27     7.54 
   6710.32   26.00      1.490    -4.9    15.10   -5.65     7.49 
   6713.74   26.00      4.800    -1.6    20.70   -5.51     7.62 
   6716.22   26.00      4.580    -1.9    15.50   -5.64     7.58 
   6725.35   26.00      4.100    -2.3    17.90   -5.58     7.57 
   6726.67   26.00      4.610    -1.1    25.80   -5.42     7.10 
   6733.15   26.00      4.640    -1.6    25.90   -5.42     7.58 
   6739.52   26.00      1.560    -4.8    11.30   -5.78     7.32 
   6752.72   26.00      4.640    -1.3    35.10   -5.28     7.49 
# average abundance =  7.505     std. deviation =  0.137     #lines =  50
# E.P. correlation:  slope =   0.065  intercept =   7.256  corr. coeff. =   0.432
# R.W. correlation:  slope =  -0.111  intercept =   6.917  corr. coeff. =  -0.210
# wav. correl.:  slope =   2.952D-05  intercept =   7.328  corr. coeff. =   0.113
# Abundance Results for Species Fe II        (input abundance =   7.500)
# wavelength         ID      EP   logGF     EWin   logRWin     abund   delavg
   4620.52   26.10      2.828    -3.3    51.30   -4.96     7.39 
   5197.58   26.10      3.230    -2.3    79.00   -4.82     7.36 
   5234.62   26.10      3.221    -2.3    83.30   -4.80     7.37 
   5264.81   26.10      3.230    -3.1    47.10   -5.05     7.47 
   5414.07   26.10      3.221    -3.6    28.70   -5.28     7.56 
   5425.26   26.10      3.199    -3.4    41.00   -5.12     7.56 
   6149.26   26.10      3.889    -2.8    36.20   -5.23     7.55 
   6247.56   26.10      3.892    -2.4    51.70   -5.08     7.47 
   7711.72   26.10      3.903    -2.7    45.30   -5.23     7.54 
# average abundance =  7.475     std. deviation =  0.084     #lines =   9
#  No statistics done for E.P. trends
#  No statistics done for R.W. trends
# wav. correl.:  slope =   4.913D-05  intercept =   7.195  corr. coeff. =   0.531
