#
# ALL abundances NOT listed below differ from solar by  -0.53 dex
# Fe Linelist for KOI-3158 [Kepler-444] (start: 2016.04.10; end: 2016.06.23); [rem
# #OVER72: T= 5172,[g]=4.56,[Fe/H]=-0.53,vt=1.64E+05    vt= 1.64 M/H=-0.53        
# Abundance Results for Species Fe I         (input abundance =   6.970)
# wavelength         ID      EP   logGF     EWin   logRWin     abund   delavg
   4779.44   26.00      3.420    -2.0    39.00   -5.09     6.77 
   4788.76   26.00      3.240    -1.8    62.20   -4.89     6.69 
   5054.64   26.00      3.640    -1.9    38.30   -5.12     6.88 
   5322.04   26.00      2.280    -2.8    58.80   -4.96     6.61 
   5379.57   26.00      3.690    -1.5    53.60   -5.00     6.75 
   5522.45   26.00      4.210    -1.6    33.50   -5.22     7.00 
   5543.94   26.00      4.220    -1.1    52.70   -5.02     6.91 
   5546.50   26.00      4.370    -1.3    41.30   -5.13     7.06 
   5546.99   26.00      4.220    -1.9    24.80   -5.35     7.20 
   5560.21   26.00      4.430    -1.2    39.70   -5.15     6.98 
   5587.57   26.00      4.140    -1.9    32.10   -5.24     7.20 
   5646.68   26.00      4.260    -2.5     5.00   -6.05     7.04 
   5651.47   26.00      4.470    -2.0    12.70   -5.65     7.20 
   5652.32   26.00      4.260    -1.9    18.30   -5.49     7.11 
   5661.35   26.00      4.280    -1.7    15.40   -5.57     6.84 
   5667.52   26.00      4.180    -1.6    36.20   -5.20     7.04 
   5679.02   26.00      4.650    -0.9    46.90   -5.08     7.04 
   5680.24   26.00      4.190    -2.6     7.80   -5.86     7.25 
   5731.76   26.00      4.260    -1.3    46.00   -5.10     7.01 
   5741.85   26.00      4.260    -1.9    23.40   -5.39     7.14 
   5752.03   26.00      4.550    -1.2    42.70   -5.13     7.13 
   5775.08   26.00      4.220    -1.3    47.30   -5.09     6.98 
   5778.45   26.00      2.590    -3.5    21.20   -5.43     6.92 
   5809.22   26.00      3.880    -1.8    39.10   -5.17     7.03 
   6079.00   26.00      4.650    -1.1    32.40   -5.27     7.00 
   6085.26   26.00      2.760    -3.1    59.10   -5.01     7.39 
   6098.24   26.00      4.560    -1.9    10.00   -5.79     7.05 
   6151.62   26.00      2.180    -3.3    49.60   -5.09     6.80 
   6159.37   26.00      4.610    -2.0     7.30   -5.93     7.04 
   6165.36   26.00      4.140    -1.5    33.80   -5.26     6.83 
   6187.99   26.00      3.940    -1.7    36.60   -5.23     6.92 
   6220.78   26.00      3.880    -2.5    14.00   -5.65     7.06 
   6226.73   26.00      3.880    -2.2    20.50   -5.48     7.02 
   6229.23   26.00      2.850    -2.8    32.70   -5.28     6.76 
   6240.65   26.00      2.220    -3.2    47.60   -5.12     6.74 
   6293.92   26.00      4.840    -1.7     7.40   -5.93     7.04 
   6380.74   26.00      4.190    -1.4    40.30   -5.20     6.90 
   6392.54   26.00      2.280    -4.0    19.30   -5.52     7.04 
   6597.56   26.00      4.790    -1.1    31.60   -5.32     7.06 
   6608.02   26.00      2.280    -4.0    19.60   -5.53     7.04 
   6627.54   26.00      4.550    -1.7    19.30   -5.54     7.14 
   6703.57   26.00      2.760    -3.2    34.30   -5.29     7.02 
   6710.32   26.00      1.490    -4.9    18.10   -5.57     6.96 
   6713.74   26.00      4.800    -1.6    13.00   -5.71     7.13 
   6716.22   26.00      4.580    -1.9     6.20   -6.04     6.87 
   6725.35   26.00      4.100    -2.3    11.50   -5.77     7.02 
   6726.67   26.00      4.610    -1.1    32.90   -5.31     6.95 
   6733.15   26.00      4.640    -1.6    16.20   -5.62     7.04 
   6739.52   26.00      1.560    -4.8    14.40   -5.67     6.83 
   6752.72   26.00      4.640    -1.3    23.60   -5.46     6.96 
# average abundance =  6.988     std. deviation =  0.151     #lines =  50
# E.P. correlation:  slope =   0.064  intercept =   6.742  corr. coeff. =   0.387
# R.W. correlation:  slope =  -0.162  intercept =   6.115  corr. coeff. =  -0.321
# wav. correl.:  slope =   4.838D-05  intercept =   6.698  corr. coeff. =   0.168
# Abundance Results for Species Fe II        (input abundance =   6.970)
# wavelength         ID      EP   logGF     EWin   logRWin     abund   delavg
   4620.52   26.10      2.828    -3.3    23.90   -5.29     6.87 
   5197.58   26.10      3.230    -2.3    44.50   -5.07     6.77 
   5234.62   26.10      3.221    -2.3    47.00   -5.05     6.74 
   5264.81   26.10      3.230    -3.1    20.30   -5.41     7.00 
   5414.07   26.10      3.221    -3.6     9.40   -5.76     7.09 
   5425.26   26.10      3.199    -3.4    19.30   -5.45     7.19 
   6149.26   26.10      3.889    -2.8    10.60   -5.76     7.02 
   6247.56   26.10      3.892    -2.4    19.00   -5.52     6.94 
   7711.72   26.10      3.903    -2.7    13.80   -5.75     7.00 
# average abundance =  6.957     std. deviation =  0.145     #lines =   9
#  No statistics done for E.P. trends
# R.W. correlation:  slope =  -0.384  intercept =   4.863  corr. coeff. =  -0.741
# wav. correl.:  slope =   4.025D-05  intercept =   6.728  corr. coeff. =   0.251
